2

6
1.8038946763e10 7.2084396983e10 5.4234995124e10 6.7544081503e10 8.3097526924e10 7.1903733742e10
2
6
0.000000e+00 1.000000e+09 1.200000e+09 1.400000e+09 1.600000e+09 2.000000e+09
5.0 6.0 11.0 13.0 17.0 25.0
0
0
2
5
0
3 1 4 2
183.4518405195

17
1.2044898127e10 6.4025505049e10 4.0458047547e10 7.9675831502e10 6.2083079655e10 9.949401443e9 8.7431214206e10 1.2780014682e10 2.8739273444e10 2.648190721e9 7.5515202118e10 7.7978971585e10 5.193918949e10 1.4555738004e10 5.3806691146e10 1.388685375e10 2.8093802074e10
3
6
0.000000e+00 1.000000e+09 1.200000e+09 1.400000e+09 1.600000e+09 2.000000e+09
5.0 6.0 11.0 13.0 17.0 25.0
0
0
0
0
0
0
0
0
0
0
0
0
0
0
0
0
0
357.8059522715
